[gd_scene format=3 uid="uid://knw821a4j8ba"]

[node name="root" type="Node3D"]

[node name="CSGBox3D4" type="CSGBox3D" parent="."]
transform = Transform3D(0.19622, 0, 0.98056, 0, 1, 0, -0.98056, 0, 0.19622, -10.3035, 0, -38.5176)
use_collision = true
collision_mask = 3
size = Vector3(12.9797, 1, 11.7902)

[node name="CSGBox3D" type="CSGBox3D" parent="."]
transform = Transform3D(1, 0, 0, 0, 1, 0, 0, 0, 1, 6.31743, 0.125099, -13.5562)
use_collision = true
collision_mask = 3
size = Vector3(16.4406, 1, 28.1124)

[node name="CSGBox3D2" type="CSGBox3D" parent="."]
transform = Transform3D(0.941641, 0, 0.336619, 0, 1, 0, -0.336619, 0, 0.941641, 2.67317, 0, -27.5828)
use_collision = true
collision_mask = 3
size = Vector3(13.4802, 1, 15.3179)

[node name="CSGBox3D3" type="CSGBox3D" parent="."]
transform = Transform3D(0.773376, 0, 0.633948, 0, 1, 0, -0.633948, 0, 0.773376, -3.74691, 0, -35.696)
use_collision = true
collision_mask = 3
size = Vector3(11.9595, 1, 16.0347)

[node name="CSGBox3D5" type="CSGBox3D" parent="."]
transform = Transform3D(-0.997758, 0, -0.0669183, 0, 1, 0, 0.0669183, 0, -0.997758, -32.226, 0, 6.49335)
use_collision = true
collision_mask = 3
size = Vector3(12.8064, 1, 40.1524)

[node name="CSGBox3D6" type="CSGBox3D" parent="."]
transform = Transform3D(-0.922995, 0, 0.384811, 0, 1, 0, -0.384811, 0, -0.922995, -25.8971, 0, -27.6577)
use_collision = true
collision_mask = 3
size = Vector3(15.5477, 1, 42.8205)

[node name="CSGBox3D7" type="CSGBox3D" parent="."]
transform = Transform3D(0.999119, 0, 0.0419629, 0, 1, 0, -0.0419629, 0, 0.999119, 7.61318, 0, 32.4035)
use_collision = true
collision_mask = 3
size = Vector3(16.6791, 1, 65.2892)

[node name="CSGBox3D8" type="CSGBox3D" parent="."]
transform = Transform3D(0.959579, 0, 0.281437, 0, 1, 0, -0.281437, 0, 0.959579, -19.77, 0, 52.3321)
use_collision = true
collision_mask = 3
size = Vector3(16.6791, 1, 65.2892)

[node name="CSGBox3D9" type="CSGBox3D" parent="."]
transform = Transform3D(0.92833, 0, -0.371757, 0, 1, 0, 0.371757, 0, 0.92833, -1.18858, 0, 64.4589)
use_collision = true
collision_mask = 3
size = Vector3(16.6791, 1, 65.2892)
